#format: frame checksums
#version: 2
#hash: SHA256
#software: Lavf61.7.103
#tb 0: 1/24
#media_type 0: video
#codec_id 0: rawvideo
#dimensions 0: 640x360
#sar 0: 0/1
#stream#, dts,        pts, duration,     size, hash
0,          0,          0,        1,   345600, a1ffd8bff83276961c2fc073bdd9c816a71b51620bf401c9e39226287574617d
0,          1,          1,        1,   345600, fe2dfa4c152c513dea86ac0d615986a095e5c91e9cffceac0334fba8008fdf53
0,          2,          2,        1,   345600, 8e2c35b14c7f5053a40a1123f6897186c63c5a6b0a344b80244a6e75a717801b
0,          3,          3,        1,   345600, 49ee63ee47d5b26f60e712d7c2362838afc5dda1fa62a641a658c7c10308f6ac
0,          4,          4,        1,   345600, 23df9555db48fa7f0e25f6e869a9708548a5238e791b8a43ee8f7b0f87a83eeb
0,          5,          5,        1,   345600, e2dd7698f83e7655f887d9d0e9f17497a42fa1eca110e49d4b01b9ccb0b85580
0,          6,          6,        1,   345600, e32247086e3ac5aa02bc3896fd7049acc9772ea1a7431a82ad627c30e3308b59
0,          7,          7,        1,   345600, 49729efa84a27384934d86d4a4cec8d2d192deee3ddce3386f63adb9645fe323
0,          8,          8,        1,   345600, 5b536e4df43397c01b604734f76c41bd747042993789b3dea6cebfdea06a92f4
0,          9,          9,        1,   345600, be811f14852a260aad0e3ae289e19fd09a56b41f1a1f2c04bd17b82a5746e8eb
0,         10,         10,        1,   345600, 4dc9b5bcbc1289cfeed009983926912a4515d5c5cd837a2b57fd51d7c75b480f
0,         11,         11,        1,   345600, 4e6a608a75d92ea91ef2c0a89aacd7522c7fcd26d3e4bc045aae379105b1eb9c
0,         12,         12,        1,   345600, 673a03ec7783566660588c8054f9c89d3dc0aaeb9e414026da705d8dafdbc64e
0,         13,         13,        1,   345600, 61f36c862cdcb135a3b6626e398aaa3fa8697cfae6a593b9de776a101276e1c7
0,         14,         14,        1,   345600, 9dde0f7201ebb58b0e0d55112e95ffb5d63b0dbe82dcc209a513dda71f8d65c4
0,         15,         15,        1,   345600, 9932c05749667825633322b40fdc080515145b45724d1095feaa40ef1ccf9ab6
0,         16,         16,        1,   345600, 577122737daa48f33ff20bfd0ca7a318fb7da3b91111af0780ec4f5ebb387b2c
0,         17,         17,        1,   345600, fc47f7c931c1c1b7c7e6044f118e037600f702b901e032ac901996cc6cbbfa37
0,         18,         18,        1,   345600, 3e8c45426f853e195d535a26ba98f882c411739103749073f96605310bd98cfc
0,         19,         19,        1,   345600, 2046c36fc44775c6309713331c17648f63e1f7f5fce384c0a5fd8ee81aa1d4f4
0,         20,         20,        1,   345600, 03db99d54579db436bb80548cdfc894527597089a95f62f24f62dbdd22d3635f
0,         21,         21,        1,   345600, 60fbef81658ac977b3f64fc63c59637fbbd43bc82934f48debc728e7a89cb607
0,         22,         22,        1,   345600, 321af16aae145483a803dd8f7c44d770d82a092d7a784239662bc33013bfd450
0,         23,         23,        1,   345600, 3ecc43d6cf87780dd85b9159b54986b2731cd3ecfe389c979e0cd6349dc858a3
0,         24,         24,        1,   345600, 0c0e5e09862b4db567c121f55d1ea64ab1504600298bfb99e264b1c52092dc6e
0,         25,         25,        1,   345600, 254b13acf3d4613815cf297cb25c90be6ceba5c9c3d7cab4188806bd6fcd42b7
0,         26,         26,        1,   345600, 4f5b7eaf2faab30f4a6da512ffad3f1134b6e9b7cc9a3cc49f3f0db13ac5fca3
0,         27,         27,        1,   345600, 8074accff9cf45b1185d68c56279400b3280d35a957cf4fd093740153937e649
0,         28,         28,        1,   345600, 3ee3880bce2e6d716a90eb4b1fcf420d3f0d1dae207ae3124273c922f3495323
0,         29,         29,        1,   345600, 5bdc05062d30db1751f398336aeb9cf1e580fbf62999b61ec8b0dd5ca39744ba
0,         30,         30,        1,   345600, 5488993d8ef4a795bec48194a0e1de3f23f832a84461fe4a54265b2ccf9cecae
0,         31,         31,        1,   345600, 33f2d6f876d8e66ff49f81618a9059d2c1c2bcd3c9c9d5fa9cd47c895cc6741b
0,         32,         32,        1,   345600, d7afa5a749b75c4789c2bf4017bacf23f5996eba6d81136483cae15dc7dd5773
0,         33,         33,        1,   345600, 9c77118a02efdb77e106b6dcd73dacbb158fd714919debfc3afa7d89c96b8161
0,         34,         34,        1,   345600, e856538c97bf2a6ca8a45eeef0286c1f6677fae7bab6fcee9835faae83eab2eb
0,         35,         35,        1,   345600, 187f6de4f5a5c79c31aa8f4d3a7da894fe8f6d14a7dbd391c906de133499d60a
0,         36,         36,        1,   345600, 985e47c095d856eae53d2548516c8db3ad4ea37594898f34d059d24a604336d9
0,         37,         37,        1,   345600, a3ddc5a467fe2e8855dd1e575e9b425f3062ceee85fa711e3477ea362214a6d9
0,         38,         38,        1,   345600, 84bf490e7c354932928dd07d598dbaa5950ab12110a86f8fe4002f362b28dc03
0,         39,         39,        1,   345600, ca7afb72f6200bf6a301bc914f198fdbd3a62f7e7689d4b1e63706d03d0e14d7
0,         40,         40,        1,   345600, cda9a0e2499553a34063afee3033f6501c479ecd64a174982bb9cd610741a247
0,         41,         41,        1,   345600, 1f57348292e8f2b6c03a41efac247d9d69f213f39fc702e9c3a236feae305bb3
0,         42,         42,        1,   345600, 6860bcf62956de927092a56b9674298d986a86ada23e5e472fd69bab21f8d9a9
0,         43,         43,        1,   345600, 641d91773e4ca37eb4ff88d153aad2cf930fc315ce800249a04a8c9699a05434
0,         44,         44,        1,   345600, 7bea971351930a7b5ae5421632a4d28d6fd07b14602d01b9b0b60587d81524e3
0,         45,         45,        1,   345600, 960b0a8c7d0db2d5f47ad60864b3e288ba4497b8dd590c493b84b08ed7d3dd08
0,         46,         46,        1,   345600, 8a76cb153d941d1086cee9e841eecb7e64a2f79d953fb79da378f639efab3cbd
0,         47,         47,        1,   345600, 3e87d8b0da512a3fbd73884c45f92a66eee9796427c6b38d1e320ed97f9664ae
0,         48,         48,        1,   345600, c00e79bb867abe27b8a737814da706474104d6ed218e3f9fd2d584ae9362451f
0,         49,         49,        1,   345600, dbe0841d99fac3f414177c85add74a54635ff00b8f9e8641cb120a1e6689e3e4
0,         50,         50,        1,   345600, 0bd8e87a2771ad3dae79b2c90518808f07a4870083734328b7ea3ff2ed125093
0,         51,         51,        1,   345600, 44340370691daa24b3ee54c1534df915c3f50a157e872b5dd02d89532bc12e4e
0,         52,         52,        1,   345600, c6cb7d1bde24512b03413c281660f21ef602881a3a8d08bb43ba9d079e8006ea
0,         53,         53,        1,   345600, e2f2b2ba424b608d66613d97baf14ae431bf69c35d5aab1d0457b9c5919069ca
0,         54,         54,        1,   345600, 6c2733251b4939f50fff0cf72d1c784b92da4bdb40a7804a7d2397256123f881
0,         55,         55,        1,   345600, 10a5493fdd2bff8ba16d801b6e22b5d53488a4ac5ba4e2770e89722cfbee0ec1
0,         56,         56,        1,   345600, 87437fcce58c403832a697351c7064b47a8c0887c0d030d9b6accaf30f789f71
0,         57,         57,        1,   345600, c85aca6f22376b62317d29d22be654450dae7b840fb119bbf695da5cc7f4802f
0,         58,         58,        1,   345600, a8c36321257b78762f5f1471ad6cfb46ed69ed526cd85e3f4513a61212863d8d
0,         59,         59,        1,   345600, 89d598ae0a2ae9022917b2a23a94b0e5997a73cce7cf6aecec1c773511f0e905
0,         60,         60,        1,   345600, f28289412c58bbeed5a234a176d3ee901ce89e92a949ff7741d586d62154f06e
0,         61,         61,        1,   345600, f194804ad2ae93f450a17f7525e6c4864597bcf0f476d9319ab093d6994631ea
0,         62,         62,        1,   345600, cb1df5609c95880bd3fc2a8cb1470bdb78c9a0312aeabb783508b81ab3463db7
0,         63,         63,        1,   345600, 6493fe59f8fbbac36896c9970412b9291152d05a9eb1f54172d2a008d517883d
0,         64,         64,        1,   345600, 554faffdfe9f6b1ad2f7f82038f074ad3227d66b349a43e7ea6f218edee22539
0,         65,         65,        1,   345600, b27469978b711046fe840b379cf2ae5757ae4b766fb4092f17667d2a80f22f4f
0,         66,         66,        1,   345600, d862496ecdd0e6d9602d50a0525c52c95591fb240185591da120764ccf886e39
0,         67,         67,        1,   345600, 0b2f84aef537d7435c7e796d81326fd2b9dd13253c1687d84e70cb4f4786590b
0,         68,         68,        1,   345600, e3bf58b43180212151f1f767a819cda46694cd54f2983856e18da07b4ee05f8d
0,         69,         69,        1,   345600, 9ff5fa439f0fae7f522ef621b903a8fa811cc00972498976fd67dbada3ddd3f9
0,         70,         70,        1,   345600, 4232b6c2d1cf5775683fd57836cb491e1e9a4ddc1d2470fcce8389db88a6befb
0,         71,         71,        1,   345600, dbd805eb886d509015ce5ca66d51140942c6f503ecdcbdcc3a3a144a4d855bfd
